%YAML:1.0
---
K: !!opencv-matrix
   rows: 3
   cols: 3
   dt: d
   data: [ 2.2181173989769341e+03, 0., 1.9365369105859538e+03, 0.,
       2.2158033023328003e+03, 1.0915739283687819e+03, 0., 0., 1. ]
D: !!opencv-matrix
   rows: 5
   cols: 1
   dt: d
   data: [ -3.9908647172659478e-01, 2.0164518463530121e-01,
       3.7884312201276769e-04, -1.3457492654973615e-04,
       -5.3753317426588856e-02 ]
xi: !!opencv-matrix
   rows: 1
   cols: 1
   dt: f
   data: [ 0. ]
image_shape: !!opencv-matrix
   rows: 3
   cols: 1
   dt: d
   data: [ 2160., 3840., 3. ]
