%YAML:1.0
---
K: !!opencv-matrix
   rows: 3
   cols: 3
   dt: d
   data: [ 2.5619123350866566e+03, 0., 1.9429908244966055e+03, 0.,
       2.5708681524856320e+03, 1.1206719443952695e+03, 0., 0., 1. ]
D: !!opencv-matrix
   rows: 5
   cols: 1
   dt: d
   data: [ -5.3376849596852283e-01, 3.4369206124627594e-01,
       1.2933658245218613e-03, -1.5687616265595210e-03,
       -1.1312322233867529e-01 ]
xi: !!opencv-matrix
   rows: 1
   cols: 1
   dt: f
   data: [ 0. ]
image_shape: !!opencv-matrix
   rows: 3
   cols: 1
   dt: d
   data: [ 2160., 3840., 3. ]
