%YAML:1.0
---
K: !!opencv-matrix
   rows: 3
   cols: 3
   dt: d
   data: [ 2.1403200768199777e+03, 0., 1.9290005479705692e+03, 0.,
       2.1352780770836384e+03, 1.0967745783880505e+03, 0., 0., 1. ]
D: !!opencv-matrix
   rows: 5
   cols: 1
   dt: d
   data: [ -3.8815293794105449e-01, 2.1282043348416652e-01,
       -3.7235152525767870e-04, 7.3482329143378025e-05,
       -7.1914876884936710e-02 ]
xi: !!opencv-matrix
   rows: 1
   cols: 1
   dt: f
   data: [ 0. ]
image_shape: !!opencv-matrix
   rows: 3
   cols: 1
   dt: d
   data: [ 2160., 3840., 3. ]
