%YAML:1.0
---
K: !!opencv-matrix
   rows: 3
   cols: 3
   dt: d
   data: [ 2.1493690216372261e+03, 0., 1.9275991222455455e+03, 0.,
       2.1453131278531660e+03, 1.0973958400200925e+03, 0., 0., 1. ]
D: !!opencv-matrix
   rows: 5
   cols: 1
   dt: d
   data: [ -3.8583566587127305e-01, 2.0999614438733930e-01,
       9.2793712214424973e-05, 1.4849011979552266e-04,
       -7.0949317769883433e-02 ]
xi: !!opencv-matrix
   rows: 1
   cols: 1
   dt: f
   data: [ 0. ]
image_shape: !!opencv-matrix
   rows: 3
   cols: 1
   dt: d
   data: [ 2160., 3840., 3. ]
