%YAML:1.0
---
K: !!opencv-matrix
   rows: 3
   cols: 3
   dt: d
   data: [ 2.1455723590051794e+03, 0., 1.9289381467242947e+03, 0.,
       2.1416133907308695e+03, 1.1029142309406184e+03, 0., 0., 1. ]
D: !!opencv-matrix
   rows: 5
   cols: 1
   dt: d
   data: [ -3.8388191319678511e-01, 2.0105050633784641e-01,
       -1.3844774734044890e-04, -1.7116813176623231e-04,
       -6.2406328638322184e-02 ]
xi: !!opencv-matrix
   rows: 1
   cols: 1
   dt: f
   data: [ 0. ]
image_shape: !!opencv-matrix
   rows: 3
   cols: 1
   dt: d
   data: [ 2160., 3840., 3. ]
