%YAML:1.0
---
K: !!opencv-matrix
   rows: 3
   cols: 3
   dt: d
   data: [ 2.1509631685609306e+03, 0., 1.9359464055536855e+03, 0.,
       2.1451427388453226e+03, 1.1077486551465072e+03, 0., 0., 1. ]
D: !!opencv-matrix
   rows: 5
   cols: 1
   dt: d
   data: [ -3.7690807869793902e-01, 1.8416956680368440e-01,
       -3.8169435528400851e-04, -6.7893295410684251e-04,
       -5.2363969514477852e-02 ]
xi: !!opencv-matrix
   rows: 1
   cols: 1
   dt: f
   data: [ 0. ]
image_shape: !!opencv-matrix
   rows: 3
   cols: 1
   dt: d
   data: [ 2160., 3840., 3. ]
