%YAML:1.0
---
K: !!opencv-matrix
   rows: 3
   cols: 3
   dt: d
   data: [ 2.1430011627969079e+03, 0., 1.9226681030858788e+03, 0.,
       2.1391797959456007e+03, 1.1039695453579100e+03, 0., 0., 1. ]
D: !!opencv-matrix
   rows: 5
   cols: 1
   dt: d
   data: [ -3.8406968488103349e-01, 2.0309686574554098e-01,
       1.1495455326132926e-04, -2.6488981250993409e-04,
       -6.4432937753049951e-02 ]
xi: !!opencv-matrix
   rows: 1
   cols: 1
   dt: f
   data: [ 0. ]
image_shape: !!opencv-matrix
   rows: 3
   cols: 1
   dt: d
   data: [ 2160., 3840., 3. ]
