%YAML:1.0
---
K: !!opencv-matrix
   rows: 3
   cols: 3
   dt: d
   data: [ 2.1430944435739730e+03, 0., 1.9249905408290870e+03, 0.,
       2.1386833141150150e+03, 1.0921767916660910e+03, 0., 0., 1. ]
D: !!opencv-matrix
   rows: 5
   cols: 1
   dt: d
   data: [ -3.8874209801869292e-01, 2.2463287613073665e-01,
       1.5768926904286340e-04, 2.5697945622230625e-04,
       -8.6499848314883304e-02 ]
xi: !!opencv-matrix
   rows: 1
   cols: 1
   dt: f
   data: [ 0. ]
image_shape: !!opencv-matrix
   rows: 3
   cols: 1
   dt: d
   data: [ 2160., 3840., 3. ]
