%YAML:1.0
---
K: !!opencv-matrix
   rows: 3
   cols: 3
   dt: d
   data: [ 2.1410994238929516e+03, 0., 1.9259800217107563e+03, 0.,
       2.1372844065874729e+03, 1.1005036898970229e+03, 0., 0., 1. ]
D: !!opencv-matrix
   rows: 5
   cols: 1
   dt: d
   data: [ -3.8515446584195467e-01, 2.0656064466620261e-01,
       -8.8824693571646935e-05, -2.2820998548566009e-04,
       -6.7033013090317159e-02 ]
xi: !!opencv-matrix
   rows: 1
   cols: 1
   dt: f
   data: [ 0. ]
image_shape: !!opencv-matrix
   rows: 3
   cols: 1
   dt: d
   data: [ 2160., 3840., 3. ]
