%YAML:1.0
---
K: !!opencv-matrix
   rows: 3
   cols: 3
   dt: d
   data: [ 2.1518019404989950e+03, 0., 1.9260742861115120e+03, 0.,
       2.1479256682434998e+03, 1.0975030444178685e+03, 0., 0., 1. ]
D: !!opencv-matrix
   rows: 5
   cols: 1
   dt: d
   data: [ -3.8226542199738556e-01, 1.9688945293158802e-01,
       1.0222372875181348e-04, -1.9454336997989425e-04,
       -5.8841132674855579e-02 ]
xi: !!opencv-matrix
   rows: 1
   cols: 1
   dt: f
   data: [ 0. ]
image_shape: !!opencv-matrix
   rows: 3
   cols: 1
   dt: d
   data: [ 2160., 3840., 3. ]
