%YAML:1.0
---
K: !!opencv-matrix
   rows: 3
   cols: 3
   dt: d
   data: [ 2.1420562253772182e+03, 0., 1.9258827690402759e+03, 0.,
       2.1381828027123133e+03, 1.1058536578341075e+03, 0., 0., 1. ]
D: !!opencv-matrix
   rows: 5
   cols: 1
   dt: d
   data: [ -3.8561999014717280e-01, 2.0812766168662827e-01,
       -2.3961544692403472e-04, -8.2291049304007426e-05,
       -6.8651826452388098e-02 ]
xi: !!opencv-matrix
   rows: 1
   cols: 1
   dt: f
   data: [ 0. ]
image_shape: !!opencv-matrix
   rows: 3
   cols: 1
   dt: d
   data: [ 2160., 3840., 3. ]
