%YAML:1.0
---
K: !!opencv-matrix
   rows: 3
   cols: 3
   dt: d
   data: [ 2.1414939748371298e+03, 0., 1.9296002907378729e+03, 0.,
       2.1364550416425650e+03, 1.1028496242762226e+03, 0., 0., 1. ]
D: !!opencv-matrix
   rows: 5
   cols: 1
   dt: d
   data: [ -3.8144336503488374e-01, 1.9579882600150705e-01,
       -2.6832942143382169e-04, -2.6822695429159600e-05,
       -5.8653029168301597e-02 ]
xi: !!opencv-matrix
   rows: 1
   cols: 1
   dt: f
   data: [ 0. ]
image_shape: !!opencv-matrix
   rows: 3
   cols: 1
   dt: d
   data: [ 2160., 3840., 3. ]
