%YAML:1.0
---
rot_mat: !!opencv-matrix
   rows: 3
   cols: 3
   dt: d
   data: [ -8.9186732112446754e-01, -2.8191420753500521e-02,
       -4.5141768386513725e-01, 2.8327182958824207e-03,
       9.9768790124038365e-01, -6.7903073756745091e-02,
       4.5228824572093629e-01, -6.1839271619715024e-02,
       -8.8972537744419822e-01 ]
t_vec: !!opencv-matrix
   rows: 3
   cols: 1
   dt: d
   data: [ -1.7650125911523240e+01, -4.9689788948715952e-01,
       1.7751578734943330e+01 ]
camera_matrix_p: !!opencv-matrix
   rows: 3
   cols: 4
   dt: d
   data: [ -1.1306032963423152e+03, -1.8188048767616505e+02,
       -2.7195034400162358e+03, -5.4816749983310810e+03,
       4.9458696447975876e+02, 2.1668377152678245e+03,
       -1.1124778730630001e+03, 1.8050389422122491e+04,
       4.5228824572093629e-01, -6.1839271619715024e-02,
       -8.8972537744419822e-01, 1.7751578734943330e+01 ]
position: !!opencv-matrix
   rows: 3
   cols: 1
   dt: d
   data: [ -2.3768993347281643e+01, 1.0959115856381250e+00,
       7.7927102372305752e+00 ]
