%YAML:1.0
---
rot_mat: !!opencv-matrix
   rows: 3
   cols: 3
   dt: d
   data: [ -9.6003682449153327e-01, -6.5967838146078303e-02,
       -2.7198812464985600e-01, -6.3857724389840317e-02,
       9.9782073900955059e-01, -1.6612159347475473e-02,
       2.7249125977903210e-01, 1.4202579933023426e-03,
       -9.6215720971744967e-01 ]
t_vec: !!opencv-matrix
   rows: 3
   cols: 1
   dt: d
   data: [ -1.2555805708805591e+01, -2.0378364371653435e+00,
       1.2346843756299080e+01 ]
camera_matrix_p: !!opencv-matrix
   rows: 3
   cols: 4
   dt: d
   data: [ -2.0315485831053670e+03, -1.7280994202648091e+02,
       -2.5706034756425088e+03, -9.7104158638334447e+03,
       1.2363906013071669e+02, 2.6659509689093588e+03,
       -1.0830071094927864e+03, 7.8869116953671819e+03,
       2.7249125977903210e-01, 1.4202579933023426e-03,
       -9.6215720971744967e-01, 1.2346843756299080e+01 ]
position: !!opencv-matrix
   rows: 3
   cols: 1
   dt: d
   data: [ -1.5548574448619283e+01, 1.1875803973838794e+00,
       8.4307218255537677e+00 ]
