%YAML:1.0
---
rot_mat: !!opencv-matrix
   rows: 3
   cols: 3
   dt: d
   data: [ -9.5179042346796305e-01, 3.8842489455975433e-03,
       -3.0672447311032119e-01, 9.5707472693304652e-03,
       9.9980904284279482e-01, -1.7037565744029426e-02,
       3.0659972373011385e-01, -1.9151774327830461e-02,
       -9.5164584743943148e-01 ]
t_vec: !!opencv-matrix
   rows: 3
   cols: 1
   dt: d
   data: [ -3.0686644567070185e+00, -9.4295751464989774e-01,
       8.7131766549579606e+00 ]
camera_matrix_p: !!opencv-matrix
   rows: 3
   cols: 4
   dt: d
   data: [ -1.4798000172797992e+03, -2.8321041191645815e+01,
       -2.4932214906083359e+03, 1.0056484545225045e+04,
       3.5172342151328047e+02, 2.1468740222445858e+03,
       -1.0642384933890935e+03, 7.3615778090895765e+03,
       3.0659972373011385e-01, -1.9151774327830461e-02,
       -9.5164584743943148e-01, 8.7131766549579606e+00 ]
position: !!opencv-matrix
   rows: 3
   cols: 1
   dt: d
   data: [ -5.5831581898936173e+00, 1.1215696998181661e+00,
       7.3345581924114347e+00 ]
