%YAML:1.0
---
rot_mat: !!opencv-matrix
   rows: 3
   cols: 3
   dt: d
   data: [ -9.9674565714987240e-01, 6.7889883108558327e-02,
       -4.3463303192178525e-02, 6.8550355913763586e-02,
       9.9755097700598783e-01, -1.3888735669448902e-02,
       4.2413955922140596e-02, -1.6822961864837373e-02,
       -9.9895847976636587e-01 ]
t_vec: !!opencv-matrix
   rows: 3
   cols: 1
   dt: d
   data: [ 6.6331036210818111e+00, -1.3939200631535502e+00,
       7.0308867502584800e+00 ]
camera_matrix_p: !!opencv-matrix
   rows: 3
   cols: 4
   dt: d
   data: [ -2.0950252746818160e+03, 1.1594893046294867e+02,
       -2.0124048744866134e+03, 2.7979466479218485e+04,
       1.9518618938378171e+02, 2.1559266345433698e+03,
       -1.1086451294574256e+03, 4.5518987345524183e+03,
       4.2413955922140596e-02, -1.6822961864837373e-02,
       -9.9895847976636587e-01, 7.0308867502584800e+00 ]
position: !!opencv-matrix
   rows: 3
   cols: 1
   dt: d
   data: [ 6.4088632234638734e+00, 1.0584660310604614e+00,
       7.2925007459344320e+00 ]
