%YAML:1.0
---
rot_mat: !!opencv-matrix
   rows: 3
   cols: 3
   dt: d
   data: [ 9.2945427799802682e-01, -8.2745545773517226e-02,
       -3.5953848162027091e-01, -9.5694317104831367e-02,
       -9.9524191759353209e-01, -1.8333661352523557e-02,
       -3.5631073908178390e-01, 5.1446089447029900e-02,
       -9.3295013644653113e-01 ]
t_vec: !!opencv-matrix
   rows: 3
   cols: 1
   dt: d
   data: [ -1.4998220505841230e+01, 2.5507992143573075e+00,
       1.3567804639536446e+01 ]
camera_matrix_p: !!opencv-matrix
   rows: 3
   cols: 4
   dt: d
   data: [ 1.3436885258692237e+03, -8.1760640900136963e+01,
       -2.5751396812522576e+03, -6.6755798120236459e+03,
       -5.9302494206437120e+02, -2.1117397116746138e+03,
       -1.0470437342079249e+03, 2.0201160219875703e+04,
       -3.5631073908178390e-01, 5.1446089447029900e-02,
       -9.3295013644653113e-01, 1.3567804639536446e+01 ]
position: !!opencv-matrix
   rows: 3
   cols: 1
   dt: d
   data: [ 1.9018611699231805e+01, 5.9961586902023267e-01,
       7.3124132510335524e+00 ]
