%YAML:1.0
---
rot_mat: !!opencv-matrix
   rows: 3
   cols: 3
   dt: d
   data: [ -9.9026142651534355e-01, 8.0705853691578691e-03,
       1.3898623243902977e-01, -5.4006933466287182e-02,
       8.9787242685300450e-01, -4.3693060803137240e-01,
       -1.2831819159170263e-01, -4.4018174740542781e-01,
       -8.8869256267718322e-01 ]
t_vec: !!opencv-matrix
   rows: 3
   cols: 1
   dt: d
   data: [ 2.8996530631648280e+01, -4.5156977492602159e+00,
       1.2583553195142335e+01 ]
camera_matrix_p: !!opencv-matrix
   rows: 3
   cols: 4
   dt: d
   data: [ -2.4314806128743930e+03, -8.2711979718203554e+02,
       -1.3991495140711902e+03, 8.8139719021565805e+04,
       -2.5737213836857023e+02, 1.5007648714955792e+03,
       -1.9208935102095124e+03, 3.6462837460599753e+03,
       -1.2831819159170263e-01, -4.4018174740542781e-01,
       -8.8869256267718322e-01, 1.2583553195142335e+01 ]
position: !!opencv-matrix
   rows: 3
   cols: 1
   dt: d
   data: [ 3.0084965589192375e+01, 9.3595519551977038e+00,
       5.1797450270098180e+00 ]
