%YAML:1.0
---
rot_mat: !!opencv-matrix
   rows: 3
   cols: 3
   dt: d
   data: [ -9.9808737137932213e-01, -3.1347122245941703e-02,
       5.3281863893947484e-02, -5.2176813460067611e-02,
       8.8940903586151354e-01, -4.5412459420851270e-01,
       -3.3153872025277295e-02, -4.5603610038547493e-01,
       -8.8934351963397174e-01 ]
t_vec: !!opencv-matrix
   rows: 3
   cols: 1
   dt: d
   data: [ 3.6779694566741107e+01, -4.1024174612159499e+00,
       1.0094018298028081e+01 ]
camera_matrix_p: !!opencv-matrix
   rows: 3
   cols: 4
   dt: d
   data: [ -2.2500768789886747e+03, -9.4403117461504587e+02,
       -1.5903741494347778e+03, 9.9946092429987679e+04,
       -1.4988576908785510e+02, 1.4525989663642472e+03,
       -1.9530903819402208e+03, 1.9256479390554177e+03,
       -3.3153872025277295e-02, -4.5603610038547493e-01,
       -8.8934351963397174e-01, 1.0094018298028081e+01 ]
position: !!opencv-matrix
   rows: 3
   cols: 1
   dt: d
   data: [ 3.6829953390517410e+01, 9.4049014824859025e+00,
       5.1543504156033366e+00 ]
