%YAML:1.0
---
rot_mat: !!opencv-matrix
   rows: 3
   cols: 3
   dt: d
   data: [ -9.9996277843576342e-01, -7.8001219670411660e-03,
       3.6877961341971474e-03, -8.6192624394759790e-03,
       9.2229637010400467e-01, -3.8638725911703731e-01,
       -3.8737324062997958e-04, -3.8640466326155587e-01,
       -9.2232927208871340e-01 ]
t_vec: !!opencv-matrix
   rows: 3
   cols: 1
   dt: d
   data: [ 4.2495308493503288e+01, -6.2981863026235985e+00,
       8.3883816664741904e+00 ]
camera_matrix_p: !!opencv-matrix
   rows: 3
   cols: 4
   dt: d
   data: [ -2.1671923934104002e+03, -7.5860294525805500e+02,
       -1.7624213187624844e+03, 1.0816883688556797e+05,
       -1.9053619072288466e+01, 1.5769455769902995e+03,
       -1.8310507916245899e+03, -4.5618623200584934e+03,
       -3.8737324062997958e-04, -3.8640466326155587e-01,
       -9.2232927208871340e-01, 8.3883816664741904e+00 ]
position: !!opencv-matrix
   rows: 3
   cols: 1
   dt: d
   data: [ 4.2442690465603206e+01, 9.3815727475682404e+00,
       5.1465969791783941e+00 ]
