%YAML:1.0
---
rot_mat: !!opencv-matrix
   rows: 3
   cols: 3
   dt: d
   data: [ -6.4292383184893942e-02, -9.9536322479901029e-01,
       -7.1543973765245822e-02, -9.4184176980725032e-01,
       8.4219332329564356e-02, -3.2533242185234101e-01,
       3.2984931424933084e-01, 4.6466706141902236e-02,
       -9.4288932283145943e-01 ]
t_vec: !!opencv-matrix
   rows: 3
   cols: 1
   dt: d
   data: [ -1.7867046106123272e+00, 2.1315227028762774e+01,
       5.4486123606015968e-01 ]
camera_matrix_p: !!opencv-matrix
   rows: 3
   cols: 4
   dt: d
   data: [ 4.9211555566364825e+02, -2.0942116408912052e+03,
       -1.9668131703731758e+03, -2.8734104961213548e+03,
       -1.7061928965639568e+03, 2.3456821871348711e+02,
       -1.7301998282476259e+03, 4.7260190995473036e+04,
       3.2984931424933084e-01, 4.6466706141902236e-02,
       -9.4288932283145943e-01, 5.4486123606015968e-01 ]
position: !!opencv-matrix
   rows: 3
   cols: 1
   dt: d
   data: [ 1.9780977546074062e+01, -3.5988921587419385e+00,
       7.3204503257178537e+00 ]
