%YAML:1.0
---
rot_mat: !!opencv-matrix
   rows: 3
   cols: 3
   dt: d
   data: [ -6.9667599169115269e-01, -6.9809726967453078e-01,
       1.6523548249124592e-01, -7.1570480409796511e-01,
       6.9211466574441205e-01, -9.3508945307897634e-02,
       -4.9083561323956873e-02, -1.8340526583080322e-01,
       -9.8181124075521253e-01 ]
t_vec: !!opencv-matrix
   rows: 3
   cols: 1
   dt: d
   data: [ 1.7583952485820681e+01, 1.4340868024841594e+01,
       9.1502019350248851e+00 ]
camera_matrix_p: !!opencv-matrix
   rows: 3
   cols: 4
   dt: d
   data: [ -1.6176847486190720e+03, -1.8786232658119518e+03,
       -1.5232549902624587e+03, 5.6015839436294249e+04,
       -1.6143835247997063e+03, 1.3119470554402055e+03,
       -1.2638664686346131e+03, 4.1164005673183048e+04,
       -4.9083561323956873e-02, -1.8340526583080322e-01,
       -9.8181124075521253e-01, 9.1502019350248851e+00 ]
position: !!opencv-matrix
   rows: 3
   cols: 1
   dt: d
   data: [ 2.2963270174027638e+01, 4.0279793592389046e+00,
       7.4192776856924958e+00 ]
