%YAML:1.0
---
rot_mat: !!opencv-matrix
   rows: 3
   cols: 3
   dt: d
   data: [ 9.9945545540528058e-01, 3.1414957606600735e-02,
       1.0094211172665023e-02, 2.4300357872846092e-02,
       -4.9380655861311218e-01, -8.6923217570331957e-01,
       -2.2322304268925366e-02, 8.6900413296442414e-01,
       -4.9430105363318316e-01 ]
t_vec: !!opencv-matrix
   rows: 3
   cols: 1
   dt: d
   data: [ -2.6996115860280817e+01, 5.5580800821794840e+00,
       -2.4437179337223505e+00 ]
camera_matrix_p: !!opencv-matrix
   rows: 3
   cols: 4
   dt: d
   data: [ 2.1421988692424570e+03, 1.7367339770243357e+03,
       -9.2674253413555118e+02, -6.3710624891550811e+04,
       2.8933712713566592e+01, -1.3954346515546720e+02,
       -2.4305222622055271e+03, 9.4913976059700344e+03,
       -2.2322304268925366e-02, 8.6900413296442414e-01,
       -4.9430105363318316e-01, -2.4437179337223505e+00 ]
position: !!opencv-matrix
   rows: 3
   cols: 1
   dt: d
   data: [ 2.6791802520963806e+01, 5.7162992173747433e+00,
       3.8958341874803013e+00 ]
