%YAML:1.0
---
rot_mat: !!opencv-matrix
   rows: 3
   cols: 3
   dt: d
   data: [ -9.9470558185277025e-01, 7.6139055259573138e-02,
       -6.9019198018532402e-02, 9.2039001971813236e-02,
       9.5879967961601942e-01, -2.6876010954799634e-01,
       4.5712444115079638e-02, -2.7368963924927470e-01,
       -9.6073115584987023e-01 ]
t_vec: !!opencv-matrix
   rows: 3
   cols: 1
   dt: d
   data: [ 2.0093437133147361e+01, -8.0002980661222072e+00,
       8.8071824604326583e+00 ]
camera_matrix_p: !!opencv-matrix
   rows: 3
   cols: 4
   dt: d
   data: [ -2.0917211780387270e+03, -3.5852151875011197e+02,
       -1.9953491157781971e+03, 6.0931446467640148e+04,
       2.5063806427294472e+02, 1.8014696803671402e+03,
       -1.6248940184010698e+03, -7.9894882040849216e+03,
       4.5712444115079638e-02, -2.7368963924927470e-01,
       -9.6073115584987023e-01, 8.8071824604326583e+00 ]
position: !!opencv-matrix
   rows: 3
   cols: 1
   dt: d
   data: [ 2.0320795688398483e+01, 8.5512224927935190e+00,
       7.6980065166901728e+00 ]
